x1:10.201594533029613
x2:-0.06719817767653759
