x1:9.17073170731707
x2:-16.365853658536587
x3:8.390243902439025
